G3dErrFileVersion 2018P3.1
FlagFileMetaData Begin
   Mesh Size - Setup1, Refinement, Pass #1, Freq. 1.000000e+10 :Title    
   Listing of mesh elements with poor quality. :ToolTip  
   hf3d :Author   
   1740808959 :TimeStamp
FlagFileMetaData End
BEGIN_ERR 
26 Small mesh segment detected on body : vacum
 Small mesh segment detected on body : vacum 
 Segment Statistics - Number of Segments : 1 --- Segment length(s) : 2.862835mm. The cutoff frequency for S-Matrix Only Solve is 4.99654096666667MHz 
3 -1  229  173  # nfids, fids[]
2 171  -1  # nbids, bids[]
      5 4 1 0 #ntets ntri ned npts
           0.0000000000000000e+00   5.5511151231257827e-17   0.0000000000000000e+00 #xyz tv0
          -2.8386851851851800e+00  -3.7106995884773702e-01   0.0000000000000000e+00 #xyz tv1
          -2.4182433645164130e+00  -2.5400000000000000e+00   4.0023781465029309e+00 #xyz tv2
          -1.4193425925925900e+00  -1.4555349794238699e+00   0.0000000000000000e+00 -1 171 #xyz tv3 fid bid
           0.0000000000000000e+00   5.5511151231257827e-17   0.0000000000000000e+00 #xyz tv0
          -2.4182433645164130e+00  -2.5400000000000000e+00   4.0023781465029309e+00 #xyz tv1
          -2.8386851851851800e+00  -3.7106995884773702e-01   0.0000000000000000e+00 #xyz tv2
          -4.9778177942366675e+00   8.4418318566245798e-01   4.0668482739142071e+00 -1 171 #xyz tv3 fid bid
           0.0000000000000000e+00   5.5511151231257827e-17   0.0000000000000000e+00 #xyz tv0
           1.2038255732683454e+00  -1.1636055596891541e+00  -1.0791524086354384e+01 #xyz tv1
          -2.8386851851851800e+00  -3.7106995884773702e-01   0.0000000000000000e+00 #xyz tv2
          -1.4193425925925900e+00  -1.4555349794238699e+00   0.0000000000000000e+00 -1 171 #xyz tv3 fid bid
           0.0000000000000000e+00   5.5511151231257827e-17   0.0000000000000000e+00 #xyz tv0
          -4.9778177942366675e+00   8.4418318566245798e-01   4.0668482739142071e+00 #xyz tv1
          -2.8386851851851800e+00  -3.7106995884773702e-01   0.0000000000000000e+00 #xyz tv2
          -2.8574999999999999e+00   2.5400000000000000e+00   0.0000000000000000e+00 -1 171 #xyz tv3 fid bid
           0.0000000000000000e+00   5.5511151231257827e-17   0.0000000000000000e+00 #xyz tv0
          -2.8386851851851800e+00  -3.7106995884773702e-01   0.0000000000000000e+00 #xyz tv1
           1.2038255732683454e+00  -1.1636055596891541e+00  -1.0791524086354384e+01 #xyz tv2
          -2.8574999999999999e+00   2.5400000000000000e+00   0.0000000000000000e+00 -1 171 #xyz tv3 fid bid
          -2.8386851851851800e+00  -3.7106995884773702e-01   0.0000000000000000e+00 #xyz tv0
           0.0000000000000000e+00   5.5511151231257827e-17   0.0000000000000000e+00 #xyz tv1
          -1.4193425925925900e+00  -1.4555349794238699e+00   0.0000000000000000e+00 229 -1 #xyz tv2 fid bid
          -2.8386851851851800e+00  -3.7106995884773702e-01   0.0000000000000000e+00 #xyz tv0
           0.0000000000000000e+00   5.5511151231257827e-17   0.0000000000000000e+00 #xyz tv1
          -1.4193425925925900e+00  -1.4555349794238699e+00   0.0000000000000000e+00 173 -1 #xyz tv2 fid bid
           0.0000000000000000e+00   5.5511151231257827e-17   0.0000000000000000e+00 #xyz tv0
          -2.8386851851851800e+00  -3.7106995884773702e-01   0.0000000000000000e+00 #xyz tv1
          -2.8574999999999999e+00   2.5400000000000000e+00   0.0000000000000000e+00 229 -1 #xyz tv2 fid bid
           0.0000000000000000e+00   5.5511151231257827e-17   0.0000000000000000e+00 #xyz tv0
          -2.8386851851851800e+00  -3.7106995884773702e-01   0.0000000000000000e+00 #xyz tv1
          -2.8574999999999999e+00   2.5400000000000000e+00   0.0000000000000000e+00 173 -1 #xyz tv2 fid bid
          -2.8386851851851800e+00  -3.7106995884773702e-01   0.0000000000000000e+00 #xyz ev0
           0.0000000000000000e+00   5.5511151231257827e-17   0.0000000000000000e+00 -1 171 #xyz ev1 fid bid
   0   0.000000000000e+00   0.000000000000e+00   0.000000000000e+00 #flag location
END_ERR 
G3dErrFileVersion 2018P3.1
FlagFileMetaData Begin
   Mesh Size - Setup1, Refinement, Pass #2, Freq. 1.000000e+10 :Title    
   Listing of mesh elements with poor quality. :ToolTip  
   hf3d :Author   
   1740808962 :TimeStamp
FlagFileMetaData End
BEGIN_ERR 
26 Small mesh segment detected on body : vacum
 Small mesh segment detected on body : vacum 
 Segment Statistics - Number of Segments : 1 --- Segment length(s) : 2.793882mm. The cutoff frequency for S-Matrix Only Solve is 4.99654096666667MHz 
3 -1  229  173  # nfids, fids[]
2 171  -1  # nbids, bids[]
      5 4 1 0 #ntets ntri ned npts
          -8.8887718636282836e-02   1.2328652207144715e-01   0.0000000000000000e+00 #xyz tv0
          -2.8386851851851800e+00  -3.7106995884773702e-01   0.0000000000000000e+00 #xyz tv1
          -2.4182433645164130e+00  -2.5400000000000000e+00   4.0023781465029309e+00 #xyz tv2
          -1.3662911844135779e+00  -1.4788629543895759e+00   0.0000000000000000e+00 -1 171 #xyz tv3 fid bid
          -8.8887718636282836e-02   1.2328652207144715e-01   0.0000000000000000e+00 #xyz tv0
          -2.4182433645164130e+00  -2.5400000000000000e+00   4.0023781465029309e+00 #xyz tv1
          -2.8386851851851800e+00  -3.7106995884773702e-01   0.0000000000000000e+00 #xyz tv2
          -4.9778177942366675e+00   8.4418318566245809e-01   4.0668482739142071e+00 -1 171 #xyz tv3 fid bid
          -8.8887718636282836e-02   1.2328652207144715e-01   0.0000000000000000e+00 #xyz tv0
           1.2038255732683456e+00  -1.1636055596891541e+00  -1.0791524086354384e+01 #xyz tv1
          -2.8386851851851800e+00  -3.7106995884773702e-01   0.0000000000000000e+00 #xyz tv2
          -1.3662911844135779e+00  -1.4788629543895759e+00   0.0000000000000000e+00 -1 171 #xyz tv3 fid bid
          -8.8887718636282836e-02   1.2328652207144715e-01   0.0000000000000000e+00 #xyz tv0
          -4.9778177942366675e+00   8.4418318566245809e-01   4.0668482739142071e+00 #xyz tv1
          -2.8386851851851800e+00  -3.7106995884773702e-01   0.0000000000000000e+00 #xyz tv2
          -2.7375616801697529e+00   2.4736227923525380e+00   0.0000000000000000e+00 -1 171 #xyz tv3 fid bid
          -8.8887718636282836e-02   1.2328652207144715e-01   0.0000000000000000e+00 #xyz tv0
          -2.8386851851851800e+00  -3.7106995884773702e-01   0.0000000000000000e+00 #xyz tv1
           1.2038255732683456e+00  -1.1636055596891541e+00  -1.0791524086354384e+01 #xyz tv2
          -2.7375616801697529e+00   2.4736227923525380e+00   0.0000000000000000e+00 -1 171 #xyz tv3 fid bid
          -2.8386851851851800e+00  -3.7106995884773702e-01   0.0000000000000000e+00 #xyz tv0
          -8.8887718636282836e-02   1.2328652207144715e-01   0.0000000000000000e+00 #xyz tv1
          -1.3662911844135779e+00  -1.4788629543895759e+00   0.0000000000000000e+00 229 -1 #xyz tv2 fid bid
          -2.8386851851851800e+00  -3.7106995884773702e-01   0.0000000000000000e+00 #xyz tv0
          -8.8887718636282836e-02   1.2328652207144715e-01   0.0000000000000000e+00 #xyz tv1
          -1.3662911844135779e+00  -1.4788629543895759e+00   0.0000000000000000e+00 173 -1 #xyz tv2 fid bid
          -8.8887718636282836e-02   1.2328652207144715e-01   0.0000000000000000e+00 #xyz tv0
          -2.8386851851851800e+00  -3.7106995884773702e-01   0.0000000000000000e+00 #xyz tv1
          -2.7375616801697529e+00   2.4736227923525380e+00   0.0000000000000000e+00 229 -1 #xyz tv2 fid bid
          -8.8887718636282836e-02   1.2328652207144715e-01   0.0000000000000000e+00 #xyz tv0
          -2.8386851851851800e+00  -3.7106995884773702e-01   0.0000000000000000e+00 #xyz tv1
          -2.7375616801697529e+00   2.4736227923525380e+00   0.0000000000000000e+00 173 -1 #xyz tv2 fid bid
          -2.8386851851851800e+00  -3.7106995884773702e-01   0.0000000000000000e+00 #xyz ev0
          -8.8887718636282836e-02   1.2328652207144715e-01   0.0000000000000000e+00 -1 171 #xyz ev1 fid bid
   0   0.000000000000e+00   0.000000000000e+00   0.000000000000e+00 #flag location
END_ERR 
