G3dErrFileVersion 2018P3.1
FlagFileMetaData Begin
   Mesh Size - Setup1, Refinement, Pass #1, Freq. 4.000000e+09 :Title    
   Listing of mesh elements with poor quality. :ToolTip  
   hf3d :Author   
   1740824341 :TimeStamp
FlagFileMetaData End
BEGIN_ERR 
26 Small mesh segment detected on body : RadiatingSurface
 Small mesh segment detected on body : RadiatingSurface 
 Segment Statistics - Number of Segments : 1 --- Segment length(s) : 0.375000mm. The cutoff frequency for S-Matrix Only Solve is 1.8441492703288MHz 
3 -1  318  465  # nfids, fids[]
2 403  -1  # nbids, bids[]
      4 4 1 0 #ntets ntri ned npts
          -1.0089077331194886e+01  -4.7488615575490712e+01  -2.4985866029904644e-01 #xyz tv0
          -1.5924038105676701e+01  -3.9230762113533196e+01  -1.2000000000000000e+00 #xyz tv1
          -1.5549038105676701e+01  -3.9230762113533203e+01  -1.6000000000000001e+00 #xyz tv2
          -1.5549038105676701e+01  -3.9230762113533203e+01  -1.2000000000000002e+00 -1 403 #xyz tv3 fid bid
          -1.5549038105676701e+01  -3.9230762113533203e+01  -1.6000000000000001e+00 #xyz tv0
          -1.5924038105676701e+01  -3.9230762113533196e+01  -1.2000000000000000e+00 #xyz tv1
          -1.3299038105676701e+01  -3.2632685902179901e+01  -2.7554552980815438e-16 #xyz tv2
          -1.5549038105676701e+01  -3.9230762113533203e+01  -1.2000000000000002e+00 -1 403 #xyz tv3 fid bid
          -1.0089077331194886e+01  -4.7488615575490712e+01  -2.4985866029904644e-01 #xyz tv0
          -1.5549038105676699e+01  -3.9230762113533196e+01  -8.0000000000000004e-01 #xyz tv1
          -1.5924038105676701e+01  -3.9230762113533196e+01  -1.2000000000000000e+00 #xyz tv2
          -1.5549038105676701e+01  -3.9230762113533203e+01  -1.2000000000000002e+00 -1 403 #xyz tv3 fid bid
          -1.5549038105676699e+01  -3.9230762113533196e+01  -8.0000000000000004e-01 #xyz tv0
          -1.3299038105676701e+01  -3.2632685902179901e+01  -2.7554552980815438e-16 #xyz tv1
          -1.5924038105676701e+01  -3.9230762113533196e+01  -1.2000000000000000e+00 #xyz tv2
          -1.5549038105676701e+01  -3.9230762113533203e+01  -1.2000000000000002e+00 -1 403 #xyz tv3 fid bid
          -1.5549038105676699e+01  -3.9230762113533196e+01  -8.0000000000000004e-01 #xyz tv0
          -1.5924038105676701e+01  -3.9230762113533196e+01  -1.2000000000000000e+00 #xyz tv1
          -1.5549038105676701e+01  -3.9230762113533203e+01  -1.2000000000000002e+00 318 -1 #xyz tv2 fid bid
          -1.5549038105676699e+01  -3.9230762113533196e+01  -8.0000000000000004e-01 #xyz tv0
          -1.5924038105676701e+01  -3.9230762113533196e+01  -1.2000000000000000e+00 #xyz tv1
          -1.5549038105676701e+01  -3.9230762113533203e+01  -1.2000000000000002e+00 465 -1 #xyz tv2 fid bid
          -1.5924038105676701e+01  -3.9230762113533196e+01  -1.2000000000000000e+00 #xyz tv0
          -1.5549038105676701e+01  -3.9230762113533203e+01  -1.6000000000000001e+00 #xyz tv1
          -1.5549038105676701e+01  -3.9230762113533203e+01  -1.2000000000000002e+00 318 -1 #xyz tv2 fid bid
          -1.5924038105676701e+01  -3.9230762113533196e+01  -1.2000000000000000e+00 #xyz tv0
          -1.5549038105676701e+01  -3.9230762113533203e+01  -1.6000000000000001e+00 #xyz tv1
          -1.5549038105676701e+01  -3.9230762113533203e+01  -1.2000000000000002e+00 465 -1 #xyz tv2 fid bid
          -1.5924038105676701e+01  -3.9230762113533196e+01  -1.2000000000000000e+00 #xyz ev0
          -1.5549038105676701e+01  -3.9230762113533203e+01  -1.2000000000000002e+00 -1 403 #xyz ev1 fid bid
   0   0.000000000000e+00   0.000000000000e+00   0.000000000000e+00 #flag location
END_ERR 
G3dErrFileVersion 2018P3.1
FlagFileMetaData Begin
   Mesh Size - Setup1, Refinement, Pass #2, Freq. 4.000000e+09 :Title    
   Listing of mesh elements with poor quality. :ToolTip  
   hf3d :Author   
   1740824344 :TimeStamp
FlagFileMetaData End
BEGIN_ERR 
26 Small mesh segment detected on body : RadiatingSurface
 Small mesh segment detected on body : RadiatingSurface 
 Segment Statistics - Number of Segments : 1 --- Segment length(s) : 0.394934mm. The cutoff frequency for S-Matrix Only Solve is 1.8441492703288MHz 
3 -1  318  465  # nfids, fids[]
2 403  -1  # nbids, bids[]
      4 4 1 0 #ntets ntri ned npts
          -1.1612577714453058e+01  -4.5810072539704890e+01  -5.9134396130920218e-02 #xyz tv0
          -1.5874643817345445e+01  -3.9230762113533203e+01  -1.2011586370578469e+00 #xyz tv1
          -1.5415004902551701e+01  -3.9230762113533203e+01  -1.6000000000000001e+00 #xyz tv2
          -1.5317156983832851e+01  -3.9230762113533203e+01  -1.2173795558677032e+00 -1 403 #xyz tv3 fid bid
          -1.3989913332517336e+01  -3.3049553024868935e+01  -1.6000000000000001e+00 #xyz tv0
          -1.5874643817345445e+01  -3.9230762113533203e+01  -1.2011586370578469e+00 #xyz tv1
          -1.5317156983832851e+01  -3.9230762113533203e+01  -1.2173795558677032e+00 #xyz tv2
          -1.5415004902551701e+01  -3.9230762113533203e+01  -1.6000000000000001e+00 -1 403 #xyz tv3 fid bid
          -1.5415004902551701e+01  -3.9230762113533203e+01  -1.6000000000000001e+00 #xyz tv0
          -1.1612577714453058e+01  -4.5810072539704890e+01  -5.9134396130920218e-02 #xyz tv1
          -1.5317156983832851e+01  -3.9230762113533203e+01  -1.2173795558677032e+00 #xyz tv2
          -1.4426967793176701e+01  -3.9230762113533203e+01  -1.6000000000000001e+00 -1 403 #xyz tv3 fid bid
          -1.4426967793176701e+01  -3.9230762113533203e+01  -1.6000000000000001e+00 #xyz tv0
          -1.3989913332517336e+01  -3.3049553024868935e+01  -1.6000000000000001e+00 #xyz tv1
          -1.5317156983832851e+01  -3.9230762113533203e+01  -1.2173795558677032e+00 #xyz tv2
          -1.5415004902551701e+01  -3.9230762113533203e+01  -1.6000000000000001e+00 -1 403 #xyz tv3 fid bid
          -1.5415004902551701e+01  -3.9230762113533203e+01  -1.6000000000000001e+00 #xyz tv0
          -1.4426967793176701e+01  -3.9230762113533203e+01  -1.6000000000000001e+00 #xyz tv1
          -1.5317156983832851e+01  -3.9230762113533203e+01  -1.2173795558677032e+00 318 -1 #xyz tv2 fid bid
          -1.5415004902551701e+01  -3.9230762113533203e+01  -1.6000000000000001e+00 #xyz tv0
          -1.4426967793176701e+01  -3.9230762113533203e+01  -1.6000000000000001e+00 #xyz tv1
          -1.5317156983832851e+01  -3.9230762113533203e+01  -1.2173795558677032e+00 465 -1 #xyz tv2 fid bid
          -1.5874643817345445e+01  -3.9230762113533203e+01  -1.2011586370578469e+00 #xyz tv0
          -1.5415004902551701e+01  -3.9230762113533203e+01  -1.6000000000000001e+00 #xyz tv1
          -1.5317156983832851e+01  -3.9230762113533203e+01  -1.2173795558677032e+00 318 -1 #xyz tv2 fid bid
          -1.5874643817345445e+01  -3.9230762113533203e+01  -1.2011586370578469e+00 #xyz tv0
          -1.5415004902551701e+01  -3.9230762113533203e+01  -1.6000000000000001e+00 #xyz tv1
          -1.5317156983832851e+01  -3.9230762113533203e+01  -1.2173795558677032e+00 465 -1 #xyz tv2 fid bid
          -1.5317156983832851e+01  -3.9230762113533203e+01  -1.2173795558677032e+00 #xyz ev0
          -1.5415004902551701e+01  -3.9230762113533203e+01  -1.6000000000000001e+00 -1 403 #xyz ev1 fid bid
   0   0.000000000000e+00   0.000000000000e+00   0.000000000000e+00 #flag location
END_ERR 
G3dErrFileVersion 2018P3.1
FlagFileMetaData Begin
   Mesh Size - Setup1, Refinement, Pass #3, Freq. 4.000000e+09 :Title    
   Listing of mesh elements with poor quality. :ToolTip  
   hf3d :Author   
   1740824347 :TimeStamp
FlagFileMetaData End
BEGIN_ERR 
26 Small mesh segment detected on body : RadiatingSurface
 Small mesh segment detected on body : RadiatingSurface 
 Segment Statistics - Number of Segments : 1 --- Segment length(s) : 0.400000mm. The cutoff frequency for S-Matrix Only Solve is 1.8441492703288MHz 
3 -1  318  477  # nfids, fids[]
2 403  -1  # nbids, bids[]
      4 4 1 0 #ntets ntri ned npts
           1.5549038105676701e+01  -3.9230762113533203e+01  -1.6000000000000001e+00 #xyz tv0
           1.7072484141120359e+01  -4.5624278758149700e+01   8.6052804723996390e-01 #xyz tv1
           1.5549038105676701e+01  -3.9230762113533203e+01  -1.2000000000000002e+00 #xyz tv2
           1.6299038105676701e+01  -3.9230762113533203e+01  -1.6000000000000001e+00 -1 403 #xyz tv3 fid bid
           1.5549038105676701e+01  -3.9230762113533203e+01  -1.6000000000000001e+00 #xyz tv0
           1.5549038105676701e+01  -3.9230762113533203e+01  -1.2000000000000002e+00 #xyz tv1
           1.4794353177526407e+01  -3.4744878716456064e+01  -1.6000000000000001e+00 #xyz tv2
           1.6299038105676701e+01  -3.9230762113533203e+01  -1.6000000000000001e+00 -1 403 #xyz tv3 fid bid
           1.5549038105676701e+01  -3.9230762113533203e+01  -1.6000000000000001e+00 #xyz tv0
           1.4794353177526407e+01  -3.4744878716456064e+01  -1.6000000000000001e+00 #xyz tv1
           1.5549038105676701e+01  -3.9230762113533203e+01  -1.2000000000000002e+00 #xyz tv2
           1.4799038105676701e+01  -3.9230762113533203e+01  -1.6000000000000001e+00 -1 403 #xyz tv3 fid bid
           1.5549038105676701e+01  -3.9230762113533203e+01  -1.6000000000000001e+00 #xyz tv0
           1.5549038105676701e+01  -3.9230762113533203e+01  -1.2000000000000002e+00 #xyz tv1
           1.7072484141120359e+01  -4.5624278758149700e+01   8.6052804723996390e-01 #xyz tv2
           1.4799038105676701e+01  -3.9230762113533203e+01  -1.6000000000000001e+00 -1 403 #xyz tv3 fid bid
           1.5549038105676701e+01  -3.9230762113533203e+01  -1.6000000000000001e+00 #xyz tv0
           1.5549038105676701e+01  -3.9230762113533203e+01  -1.2000000000000002e+00 #xyz tv1
           1.4799038105676701e+01  -3.9230762113533203e+01  -1.6000000000000001e+00 318 -1 #xyz tv2 fid bid
           1.5549038105676701e+01  -3.9230762113533203e+01  -1.6000000000000001e+00 #xyz tv0
           1.5549038105676701e+01  -3.9230762113533203e+01  -1.2000000000000002e+00 #xyz tv1
           1.4799038105676701e+01  -3.9230762113533203e+01  -1.6000000000000001e+00 477 -1 #xyz tv2 fid bid
           1.5549038105676701e+01  -3.9230762113533203e+01  -1.6000000000000001e+00 #xyz tv0
           1.6299038105676701e+01  -3.9230762113533203e+01  -1.6000000000000001e+00 #xyz tv1
           1.5549038105676701e+01  -3.9230762113533203e+01  -1.2000000000000002e+00 318 -1 #xyz tv2 fid bid
           1.5549038105676701e+01  -3.9230762113533203e+01  -1.6000000000000001e+00 #xyz tv0
           1.6299038105676701e+01  -3.9230762113533203e+01  -1.6000000000000001e+00 #xyz tv1
           1.5549038105676701e+01  -3.9230762113533203e+01  -1.2000000000000002e+00 477 -1 #xyz tv2 fid bid
           1.5549038105676701e+01  -3.9230762113533203e+01  -1.6000000000000001e+00 #xyz ev0
           1.5549038105676701e+01  -3.9230762113533203e+01  -1.2000000000000002e+00 -1 403 #xyz ev1 fid bid
   0   0.000000000000e+00   0.000000000000e+00   0.000000000000e+00 #flag location
END_ERR 
G3dErrFileVersion 2018P3.1
FlagFileMetaData Begin
   Mesh Size - Setup1, Refinement, Pass #4, Freq. 4.000000e+09 :Title    
   Listing of mesh elements with poor quality. :ToolTip  
   hf3d :Author   
   1740824350 :TimeStamp
FlagFileMetaData End
BEGIN_ERR 
26 Small mesh segment detected on body : RadiatingSurface
 Small mesh segment detected on body : RadiatingSurface 
 Segment Statistics - Number of Segments : 1 --- Segment length(s) : 0.400000mm. The cutoff frequency for S-Matrix Only Solve is 1.8441492703288MHz 
3 -1  318  477  # nfids, fids[]
2 403  -1  # nbids, bids[]
      4 4 1 0 #ntets ntri ned npts
           1.5549038105676701e+01  -3.9230762113533203e+01  -1.6000000000000001e+00 #xyz tv0
           1.7072484141120359e+01  -4.5624278758149700e+01   8.6052804723996390e-01 #xyz tv1
           1.5549038105676701e+01  -3.9230762113533203e+01  -1.2000000000000002e+00 #xyz tv2
           1.6299038105676701e+01  -3.9230762113533203e+01  -1.6000000000000001e+00 -1 403 #xyz tv3 fid bid
           1.5549038105676701e+01  -3.9230762113533203e+01  -1.6000000000000001e+00 #xyz tv0
           1.5549038105676701e+01  -3.9230762113533203e+01  -1.2000000000000002e+00 #xyz tv1
           1.4673438351701158e+01  -3.5470317036228643e+01  -1.6000000000000001e+00 #xyz tv2
           1.6299038105676701e+01  -3.9230762113533203e+01  -1.6000000000000001e+00 -1 403 #xyz tv3 fid bid
           1.5549038105676701e+01  -3.9230762113533203e+01  -1.6000000000000001e+00 #xyz tv0
           1.4673438351701158e+01  -3.5470317036228643e+01  -1.6000000000000001e+00 #xyz tv1
           1.5549038105676701e+01  -3.9230762113533203e+01  -1.2000000000000002e+00 #xyz tv2
           1.4799038105676701e+01  -3.9230762113533203e+01  -1.6000000000000001e+00 -1 403 #xyz tv3 fid bid
           1.5549038105676701e+01  -3.9230762113533203e+01  -1.6000000000000001e+00 #xyz tv0
           1.5549038105676701e+01  -3.9230762113533203e+01  -1.2000000000000002e+00 #xyz tv1
           1.7072484141120359e+01  -4.5624278758149700e+01   8.6052804723996390e-01 #xyz tv2
           1.4799038105676701e+01  -3.9230762113533203e+01  -1.6000000000000001e+00 -1 403 #xyz tv3 fid bid
           1.5549038105676701e+01  -3.9230762113533203e+01  -1.6000000000000001e+00 #xyz tv0
           1.5549038105676701e+01  -3.9230762113533203e+01  -1.2000000000000002e+00 #xyz tv1
           1.4799038105676701e+01  -3.9230762113533203e+01  -1.6000000000000001e+00 318 -1 #xyz tv2 fid bid
           1.5549038105676701e+01  -3.9230762113533203e+01  -1.6000000000000001e+00 #xyz tv0
           1.5549038105676701e+01  -3.9230762113533203e+01  -1.2000000000000002e+00 #xyz tv1
           1.4799038105676701e+01  -3.9230762113533203e+01  -1.6000000000000001e+00 477 -1 #xyz tv2 fid bid
           1.5549038105676701e+01  -3.9230762113533203e+01  -1.6000000000000001e+00 #xyz tv0
           1.6299038105676701e+01  -3.9230762113533203e+01  -1.6000000000000001e+00 #xyz tv1
           1.5549038105676701e+01  -3.9230762113533203e+01  -1.2000000000000002e+00 318 -1 #xyz tv2 fid bid
           1.5549038105676701e+01  -3.9230762113533203e+01  -1.6000000000000001e+00 #xyz tv0
           1.6299038105676701e+01  -3.9230762113533203e+01  -1.6000000000000001e+00 #xyz tv1
           1.5549038105676701e+01  -3.9230762113533203e+01  -1.2000000000000002e+00 477 -1 #xyz tv2 fid bid
           1.5549038105676701e+01  -3.9230762113533203e+01  -1.6000000000000001e+00 #xyz ev0
           1.5549038105676701e+01  -3.9230762113533203e+01  -1.2000000000000002e+00 -1 403 #xyz ev1 fid bid
   0   0.000000000000e+00   0.000000000000e+00   0.000000000000e+00 #flag location
END_ERR 
G3dErrFileVersion 2018P3.1
FlagFileMetaData Begin
   Mesh Size - Setup1, Refinement, Pass #5, Freq. 4.000000e+09 :Title    
   Listing of mesh elements with poor quality. :ToolTip  
   hf3d :Author   
   1740824353 :TimeStamp
FlagFileMetaData End
BEGIN_ERR 
26 Small mesh segment detected on body : RadiatingSurface
 Small mesh segment detected on body : RadiatingSurface 
 Segment Statistics - Number of Segments : 1 --- Segment length(s) : 0.394490mm. The cutoff frequency for S-Matrix Only Solve is 1.8441492703288MHz 
3 -1  321  441  # nfids, fids[]
2 403  -1  # nbids, bids[]
      5 4 1 0 #ntets ntri ned npts
           3.0000000000000000e+01   1.1639522715159862e+00  -1.2493189650557435e+00 #xyz tv0
           3.4044433461720573e+01   4.7453265966209361e+00  -6.8937952502619060e-01 #xyz tv1
           3.2088825688327688e+01  -1.4031328007715724e+00   1.8752751202534901e-01 #xyz tv2
           3.0000000000000000e+01   8.7949341008302273e-01  -9.7599598935645404e-01 -1 403 #xyz tv3 fid bid
           3.0000000000000000e+01   7.5000000000000000e-01  -1.6000000000000001e+00 #xyz tv0
           3.0000000000000000e+01   1.1639522715159862e+00  -1.2493189650557435e+00 #xyz tv1
           3.2088825688327688e+01  -1.4031328007715724e+00   1.8752751202534901e-01 #xyz tv2
           3.0000000000000000e+01   8.7949341008302273e-01  -9.7599598935645404e-01 -1 403 #xyz tv3 fid bid
           3.0000000000000000e+01   1.1639522715159862e+00  -1.2493189650557435e+00 #xyz tv0
           3.4044433461720573e+01   4.7453265966209361e+00  -6.8937952502619060e-01 #xyz tv1
           3.0000000000000000e+01   8.7949341008302273e-01  -9.7599598935645404e-01 #xyz tv2
           3.0000000000000000e+01   1.5000000000000000e+00  -7.9999999999999971e-01 -1 403 #xyz tv3 fid bid
           3.0000000000000000e+01   1.1639522715159862e+00  -1.2493189650557435e+00 #xyz tv0
           3.0000000000000000e+01   7.5000000000000000e-01  -1.6000000000000001e+00 #xyz tv1
           2.6863917391518775e+01   1.5000000000000000e+00   4.9960036108132084e-16 #xyz tv2
           3.0000000000000000e+01   8.7949341008302273e-01  -9.7599598935645404e-01 -1 403 #xyz tv3 fid bid
           3.0000000000000000e+01   1.1639522715159862e+00  -1.2493189650557435e+00 #xyz tv0
           2.6863917391518775e+01   1.5000000000000000e+00   4.9960036108132084e-16 #xyz tv1
           3.0000000000000000e+01   1.5000000000000000e+00  -7.9999999999999971e-01 #xyz tv2
           3.0000000000000000e+01   8.7949341008302273e-01  -9.7599598935645404e-01 -1 403 #xyz tv3 fid bid
           3.0000000000000000e+01   1.1639522715159862e+00  -1.2493189650557435e+00 #xyz tv0
           3.0000000000000000e+01   1.5000000000000000e+00  -7.9999999999999971e-01 #xyz tv1
           3.0000000000000000e+01   8.7949341008302273e-01  -9.7599598935645404e-01 321 -1 #xyz tv2 fid bid
           3.0000000000000000e+01   1.1639522715159862e+00  -1.2493189650557435e+00 #xyz tv0
           3.0000000000000000e+01   1.5000000000000000e+00  -7.9999999999999971e-01 #xyz tv1
           3.0000000000000000e+01   8.7949341008302273e-01  -9.7599598935645404e-01 441 -1 #xyz tv2 fid bid
           3.0000000000000000e+01   1.1639522715159862e+00  -1.2493189650557435e+00 #xyz tv0
           3.0000000000000000e+01   8.7949341008302273e-01  -9.7599598935645404e-01 #xyz tv1
           3.0000000000000000e+01   7.5000000000000000e-01  -1.6000000000000001e+00 321 -1 #xyz tv2 fid bid
           3.0000000000000000e+01   1.1639522715159862e+00  -1.2493189650557435e+00 #xyz tv0
           3.0000000000000000e+01   8.7949341008302273e-01  -9.7599598935645404e-01 #xyz tv1
           3.0000000000000000e+01   7.5000000000000000e-01  -1.6000000000000001e+00 441 -1 #xyz tv2 fid bid
           3.0000000000000000e+01   8.7949341008302273e-01  -9.7599598935645404e-01 #xyz ev0
           3.0000000000000000e+01   1.1639522715159862e+00  -1.2493189650557435e+00 -1 403 #xyz ev1 fid bid
   0   0.000000000000e+00   0.000000000000e+00   0.000000000000e+00 #flag location
END_ERR 
G3dErrFileVersion 2018P3.1
FlagFileMetaData Begin
   Mesh Size - Setup1, Refinement, Pass #6, Freq. 4.000000e+09 :Title    
   Listing of mesh elements with poor quality. :ToolTip  
   hf3d :Author   
   1740824356 :TimeStamp
FlagFileMetaData End
BEGIN_ERR 
26 Small mesh segment detected on body : Box1
 Small mesh segment detected on body : Box1 
 Segment Statistics - Number of Segments : 1 --- Segment length(s) : 0.368893mm. The cutoff frequency for S-Matrix Only Solve is 1.8441492703288MHz 
3 -1  318  477  # nfids, fids[]
2 315  -1  # nbids, bids[]
      5 4 1 0 #ntets ntri ned npts
           1.6299038105676701e+01  -3.9230762113533203e+01  -1.6000000000000001e+00 #xyz tv0
           1.5111238228688929e+01  -3.7350539574880926e+01  -1.6000000000000001e+00 #xyz tv1
           1.5498187636707282e+01  -3.9230762113533203e+01  -1.2346285498793423e+00 #xyz tv2
           1.5549038105676701e+01  -3.9230762113533203e+01  -1.6000000000000001e+00 -1 315 #xyz tv3 fid bid
           1.5111238228688929e+01  -3.7350539574880926e+01  -1.6000000000000001e+00 #xyz tv0
           1.4799038105676701e+01  -3.9230762113533203e+01  -1.6000000000000001e+00 #xyz tv1
           1.5498187636707282e+01  -3.9230762113533203e+01  -1.2346285498793423e+00 #xyz tv2
           1.5549038105676701e+01  -3.9230762113533203e+01  -1.6000000000000001e+00 -1 315 #xyz tv3 fid bid
           1.5549038105676701e+01  -3.9230762113533203e+01  -1.6000000000000001e+00 #xyz tv0
           1.7642669764535256e+01  -4.0725938283168134e+01  -1.2010026044104785e+00 #xyz tv1
           1.5498187636707282e+01  -3.9230762113533203e+01  -1.2346285498793423e+00 #xyz tv2
           1.6299038105676701e+01  -3.9230762113533203e+01  -1.6000000000000001e+00 -1 315 #xyz tv3 fid bid
           1.5549038105676701e+01  -3.9230762113533203e+01  -1.6000000000000001e+00 #xyz tv0
           1.5498187636707282e+01  -3.9230762113533203e+01  -1.2346285498793423e+00 #xyz tv1
           1.7072484141120359e+01  -4.5624278758149700e+01   8.6052804723996390e-01 #xyz tv2
           1.4799038105676701e+01  -3.9230762113533203e+01  -1.6000000000000001e+00 -1 315 #xyz tv3 fid bid
           1.5549038105676701e+01  -3.9230762113533203e+01  -1.6000000000000001e+00 #xyz tv0
           1.5498187636707282e+01  -3.9230762113533203e+01  -1.2346285498793423e+00 #xyz tv1
           1.7642669764535256e+01  -4.0725938283168134e+01  -1.2010026044104785e+00 #xyz tv2
           1.7072484141120359e+01  -4.5624278758149700e+01   8.6052804723996390e-01 -1 315 #xyz tv3 fid bid
           1.5549038105676701e+01  -3.9230762113533203e+01  -1.6000000000000001e+00 #xyz tv0
           1.5498187636707282e+01  -3.9230762113533203e+01  -1.2346285498793423e+00 #xyz tv1
           1.4799038105676701e+01  -3.9230762113533203e+01  -1.6000000000000001e+00 318 -1 #xyz tv2 fid bid
           1.5549038105676701e+01  -3.9230762113533203e+01  -1.6000000000000001e+00 #xyz tv0
           1.5498187636707282e+01  -3.9230762113533203e+01  -1.2346285498793423e+00 #xyz tv1
           1.4799038105676701e+01  -3.9230762113533203e+01  -1.6000000000000001e+00 477 -1 #xyz tv2 fid bid
           1.5549038105676701e+01  -3.9230762113533203e+01  -1.6000000000000001e+00 #xyz tv0
           1.6299038105676701e+01  -3.9230762113533203e+01  -1.6000000000000001e+00 #xyz tv1
           1.5498187636707282e+01  -3.9230762113533203e+01  -1.2346285498793423e+00 318 -1 #xyz tv2 fid bid
           1.5549038105676701e+01  -3.9230762113533203e+01  -1.6000000000000001e+00 #xyz tv0
           1.6299038105676701e+01  -3.9230762113533203e+01  -1.6000000000000001e+00 #xyz tv1
           1.5498187636707282e+01  -3.9230762113533203e+01  -1.2346285498793423e+00 477 -1 #xyz tv2 fid bid
           1.5549038105676701e+01  -3.9230762113533203e+01  -1.6000000000000001e+00 #xyz ev0
           1.5498187636707282e+01  -3.9230762113533203e+01  -1.2346285498793423e+00 -1 315 #xyz ev1 fid bid
   0   0.000000000000e+00   0.000000000000e+00   0.000000000000e+00 #flag location
END_ERR 
